=== New Episode Started ===
Scene: ['FloorPlan401', 'FloorPlan402', 'FloorPlan403', 'FloorPlan404', 'FloorPlan405', 'FloorPlan406', 'FloorPlan407', 'FloorPlan408', 'FloorPlan409', 'FloorPlan410', 'FloorPlan411', 'FloorPlan412', 'FloorPlan413', 'FloorPlan414', 'FloorPlan415', 'FloorPlan416', 'FloorPlan417', 'FloorPlan418', 'FloorPlan419', 'FloorPlan420']
Possible targets: ['Spatula', 'Bread', 'Mug', 'CoffeeMachine', 'Apple', 'Painting', 'RemoteControl', 'Vase', 'ArmChair', 'Television', 'Blinds', 'DeskLamp', 'CD', 'AlarmClock', 'SoapBar', 'Towel', 'SprayBottle', 'Mirror']
Target objects: ['SoapBar', 'Towel', 'SprayBottle', 'Mirror']
Room: Bathroom
Target object GloVe embedding: tensor([-0.0619,  0.1919, -0.4267, -0.0899,  0.1931,  0.1918, -0.2773,  0.2327,
         0.0935,  0.6005,  0.0961,  0.9055, -0.2323, -0.7803,  0.1199, -0.1683,
         0.1063,  1.2987, -0.0325, -0.0584, -0.7458, -0.2990,  0.6197,  0.3960,
        -0.2203, -0.4337, -0.3214, -0.1547, -0.2925, -0.0163,  0.7353, -0.1791,
        -0.5666,  0.5597,  0.9682, -0.9028, -0.4789, -0.2580, -0.2484, -0.2313,
        -0.2806,  0.1581,  0.2589,  0.1968, -0.2858, -0.4655, -0.7772, -0.9335,
         0.5778,  0.6203,  0.4383, -0.1997,  0.0423,  0.1527, -0.9132, -0.4424,
         0.0354,  0.3117,  0.1559,  0.4979, -0.0143, -0.3156,  0.7406, -0.0537,
         0.1717,  0.1173,  0.1698, -0.0981,  0.5630, -0.1995,  0.6295,  0.4484,
         0.2711,  0.2247,  0.6898, -0.0827, -0.3695, -0.1600, -0.0714, -0.2776,
        -0.2828,  0.3791, -0.0080, -0.5157,  0.8457,  0.2117,  0.5830,  1.0856,
         0.9455, -0.0675,  0.5942, -0.0798,  0.1278, -0.0232,  0.3062,  0.7430,
         1.3354,  0.5933, -0.4623,  1.1704,  0.3243,  0.3445, -0.3380,  0.0622,
         0.1042, -1.2671, -0.0021,  0.5407, -0.4865, -0.2908,  0.6003,  0.0900,
         0.6112,  0.0091, -0.5709,  0.3560, -0.5156, -0.4502,  0.4292, -0.0828,
         0.0602,  0.3374,  0.1947, -0.0414, -0.0388, -0.8343, -0.6431, -0.5909,
        -0.4656,  0.1352, -0.1155, -0.0512, -0.3955,  0.1032,  0.4263, -0.3440,
         0.6378,  0.3217,  0.0478,  0.6285, -1.1465,  0.2155,  0.7919, -0.1238,
        -0.4364,  0.4679, -0.0521, -0.1367, -0.1939, -0.1525, -0.0887, -0.4590,
         0.0547,  0.0443, -0.2026,  0.1159,  0.4695, -0.9983,  0.0851,  0.2775,
        -0.7678, -0.3336, -1.0053,  0.2310,  1.1671,  0.4253,  0.3336,  0.0346,
        -0.5473,  0.1632, -0.0543,  0.0567, -0.1172,  0.0058,  0.0155, -0.1799,
        -0.0711,  0.1114,  0.6232,  0.4299,  0.3940, -0.3190,  0.0389,  0.0061,
        -0.6666, -0.3379,  0.3186, -0.8928,  0.3760, -0.1033, -0.6238,  0.0923,
         0.9114,  0.1894, -0.1610,  0.1293,  0.1278,  0.3286, -0.3165, -0.5092,
         0.0546, -0.2247,  0.1710,  0.3687, -0.0478, -0.8469,  0.1490,  0.5771,
        -0.3294,  0.1809,  0.6167, -0.0899,  0.1549, -0.2330,  1.1167,  0.4036,
         0.8384,  0.3225, -0.5511, -1.0356, -0.0406, -0.4313, -0.2334, -0.2480,
         0.3593,  0.2212, -0.7852, -0.3745, -0.3566, -0.0175,  0.5242,  0.1660,
         0.1845, -0.3653, -0.0949, -0.5638,  0.5533, -0.6807,  0.3965,  0.4807,
         0.0044,  0.4191, -0.0055, -0.2626, -0.0337, -0.6126, -0.1227, -0.4871,
        -0.3546,  0.0719,  0.0109, -0.0823, -0.2958,  0.1322, -0.2379,  0.6063,
        -0.0851, -0.4466,  0.1047, -0.3172,  0.6263,  0.4606,  0.1151, -0.0771,
         0.4660, -0.5850, -0.3566, -0.0134, -0.2818,  0.5336, -0.4136,  0.2355,
        -0.0183,  0.2644, -0.0742,  0.1335,  0.3279, -0.0229,  0.0747, -0.6104,
         0.2219,  0.3313, -0.6400,  0.1085,  0.1456, -0.0040,  0.3761,  0.0950,
        -0.0597, -0.2875, -0.3614,  0.1620, -0.1369,  0.1778, -0.2997,  0.7624,
         0.1260, -0.2040,  0.3495,  0.2621], device='cuda:0')
Detected objects in the current view: ['Book', 'Dresser', 'AlarmClock', 'CellPhone']
Target object: Blinds
=== Episode Running ===
Step 1: Action taken, Reward: -0.01, Total Reward: -0.01
Current target class embedding: tensor([-2.0536e-02, -3.9302e-01, -1.4256e-01,  1.3466e-01, -3.7528e-01,
        -3.0620e-01, -1.1696e-01,  9.9085e-02, -2.4805e-01,  8.2335e-01,
         3.3957e-01,  1.9714e-01, -1.3908e-01, -5.9637e-01, -1.5947e-01,
        -5.2105e-02,  2.6277e-01,  2.2430e+00,  4.8739e-02, -6.6090e-02,
        -2.6480e-01,  2.3405e-01,  4.1938e-01,  1.5317e-01, -2.5729e-01,
         3.3286e-01, -2.1484e-01, -4.8126e-01, -7.2721e-01, -1.2075e-01,
        -2.2761e-01,  2.3397e-01, -2.0181e-01, -1.7276e-01, -1.0991e-01,
        -7.5659e-01, -3.9234e-01, -1.1653e-02,  2.0652e-01, -4.2154e-01,
         9.2158e-02, -1.2770e-01,  4.1284e-01,  5.9635e-01, -3.1091e-01,
        -1.0159e-01, -1.9719e-01, -2.8136e-01, -4.7672e-01, -1.1486e-01,
         3.0130e-01, -3.8118e-01, -2.0472e-01,  3.0339e-01, -4.2174e-01,
         2.1478e-03, -2.1262e-01,  3.6766e-01,  2.0643e-01, -4.7525e-02,
         2.5299e-01,  1.6188e-01, -4.0631e-01, -1.9215e-01, -3.6842e-01,
         3.3944e-02, -5.0154e-01, -1.4995e-01,  1.1847e-01,  4.7647e-01,
         5.6154e-01, -5.8850e-01,  3.2752e-01,  2.4353e-01, -1.5435e-01,
         5.5637e-01, -6.1706e-01, -1.9805e-01, -3.2949e-01,  2.0616e-01,
        -8.7913e-01,  2.9508e-01,  2.3433e-01,  2.5598e-01, -1.5475e-01,
        -9.9275e-02,  6.7253e-01,  5.1974e-01,  1.0649e-01, -9.2787e-02,
        -2.8539e-01,  8.6969e-02,  1.3666e-03,  4.4746e-01,  2.1799e-01,
        -9.9836e-02, -6.2258e-02,  2.1140e-01,  1.3638e-01, -1.8317e-02,
         2.5424e-01,  9.3165e-02,  3.2379e-01, -2.7510e-01,  1.6061e-01,
        -9.4320e-01,  8.1596e-02, -4.7899e-02, -1.6304e-01,  5.9908e-01,
        -2.2604e-01,  4.7310e-01,  3.5953e-01, -5.2874e-01, -3.4361e-01,
        -1.5541e-01, -2.4679e-01,  1.7147e-01,  5.3104e-01,  1.2211e-01,
        -1.2075e-01, -5.5119e-01,  3.2418e-01,  6.2786e-01,  1.3522e-01,
        -8.7754e-02, -1.9015e-01, -4.6647e-01, -1.4159e-01,  9.4836e-02,
        -8.6782e-02,  5.3464e-02, -1.2761e-01, -1.1452e-01,  2.4073e-01,
         3.2660e-01, -2.3396e-01,  5.9582e-03, -3.8461e-01, -5.3071e-02,
        -1.8717e+00,  4.8425e-01,  1.3742e-02,  2.4893e-02, -6.6347e-01,
        -6.6785e-02,  1.1247e-01,  8.1388e-03,  2.0666e-01, -4.3490e-01,
        -1.0446e-03, -1.7237e-01,  1.8158e-01, -1.2002e-01, -4.6120e-02,
         1.8784e-01,  3.3553e-01, -1.7386e-01, -2.0226e-01,  1.9831e-01,
         1.4170e-01, -3.7699e-01, -2.4527e-01,  5.4113e-01,  4.4760e-01,
         3.4951e-01,  2.0631e-02,  1.6294e-01,  3.1118e-02,  1.5568e-01,
         1.8117e-01, -9.1799e-01, -3.4747e-02,  8.4421e-02, -6.2887e-01,
         1.8997e-01,  3.5331e-01,  2.2437e-01, -7.6796e-02, -4.9351e-01,
        -2.9085e-01,  1.8060e-01,  9.0810e-03, -4.1370e-01,  3.8182e-02,
         4.1750e-02, -2.4439e-01,  3.8944e-01, -4.7005e-01,  6.1191e-02,
        -5.7054e-01, -2.0914e-01,  4.0792e-01, -3.5748e-01, -2.2436e-01,
        -4.0629e-02,  1.5155e-01, -5.3122e-01, -2.9016e-01,  6.0242e-02,
        -6.4892e-01,  4.6204e-01,  1.1078e-01, -1.6825e-01, -1.5037e-01,
        -4.1383e-01,  6.0836e-02, -1.8998e-01, -1.9103e-01, -7.3645e-02,
        -1.5488e-01, -3.3696e-01, -7.5984e-01, -3.6380e-01,  2.9416e-01,
         1.3668e-01, -6.9633e-01, -1.1700e-01, -6.3435e-01, -1.8681e-01,
         4.6466e-01, -5.6829e-01, -4.9589e-01, -9.7749e-02,  6.2637e-02,
        -8.9252e-02,  3.9591e-02, -1.8966e-01,  4.3048e-01, -1.4997e-02,
        -2.4395e-01, -1.0978e-01,  3.1968e-01,  1.9063e-01,  7.4770e-02,
        -2.2530e-01,  3.0318e-01,  4.6113e-01,  5.0699e-01, -2.9512e-01,
        -3.6012e-01,  6.4286e-01,  3.7793e-01,  1.0190e-01, -3.9017e-01,
        -1.3958e-01,  9.7290e-02,  3.0116e-02, -5.3500e-01, -1.5502e-02,
         3.1867e-01, -4.3960e-01,  2.9644e-01, -5.6568e-01, -2.1143e-01,
         1.6218e-02,  1.8424e-01, -1.2393e-01, -7.4251e-02,  2.0621e-01,
         3.5065e-01,  6.0358e-01,  2.0439e-01, -6.8528e-02, -6.9624e-02,
        -6.3785e-02, -3.0555e-01,  3.8186e-01, -4.1265e-02, -1.2730e-01,
        -2.3924e-01,  2.2229e-02,  1.8797e-03,  8.4135e-02,  2.2188e-02,
         4.8528e-01,  2.1336e-01, -3.3961e-01,  2.0512e-02, -4.0139e-01,
        -3.7697e-02,  9.9871e-02, -2.8560e-02, -1.7213e-03,  1.0684e-01,
        -5.3409e-01,  7.5177e-02,  8.7563e-02,  5.3140e-02, -1.4529e-01,
        -7.2616e-01,  1.1068e-01,  4.9271e-01, -1.4236e-01,  8.2165e-02,
         3.1593e-01, -4.3881e-01,  1.5413e-01,  4.7578e-02,  2.0117e-01],
       device='cuda:1')
Current target class embedding: tensor([-0.0619,  0.1919, -0.4267, -0.0899,  0.1931,  0.1918, -0.2773,  0.2327,
         0.0935,  0.6005,  0.0961,  0.9055, -0.2323, -0.7803,  0.1199, -0.1683,
         0.1063,  1.2987, -0.0325, -0.0584, -0.7458, -0.2990,  0.6197,  0.3960,
        -0.2203, -0.4337, -0.3214, -0.1547, -0.2925, -0.0163,  0.7353, -0.1791,
        -0.5666,  0.5597,  0.9682, -0.9028, -0.4789, -0.2580, -0.2484, -0.2313,
        -0.2806,  0.1581,  0.2589,  0.1968, -0.2858, -0.4655, -0.7772, -0.9335,
         0.5778,  0.6203,  0.4383, -0.1997,  0.0423,  0.1527, -0.9132, -0.4424,
         0.0354,  0.3117,  0.1559,  0.4979, -0.0143, -0.3156,  0.7406, -0.0537,
         0.1717,  0.1173,  0.1698, -0.0981,  0.5630, -0.1995,  0.6295,  0.4484,
         0.2711,  0.2247,  0.6898, -0.0827, -0.3695, -0.1600, -0.0714, -0.2776,
        -0.2828,  0.3791, -0.0080, -0.5157,  0.8457,  0.2117,  0.5830,  1.0856,
         0.9455, -0.0675,  0.5942, -0.0798,  0.1278, -0.0232,  0.3062,  0.7430,
         1.3354,  0.5933, -0.4623,  1.1704,  0.3243,  0.3445, -0.3380,  0.0622,
         0.1042, -1.2671, -0.0021,  0.5407, -0.4865, -0.2908,  0.6003,  0.0900,
         0.6112,  0.0091, -0.5709,  0.3560, -0.5156, -0.4502,  0.4292, -0.0828,
         0.0602,  0.3374,  0.1947, -0.0414, -0.0388, -0.8343, -0.6431, -0.5909,
        -0.4656,  0.1352, -0.1155, -0.0512, -0.3955,  0.1032,  0.4263, -0.3440,
         0.6378,  0.3217,  0.0478,  0.6285, -1.1465,  0.2155,  0.7919, -0.1238,
        -0.4364,  0.4679, -0.0521, -0.1367, -0.1939, -0.1525, -0.0887, -0.4590,
         0.0547,  0.0443, -0.2026,  0.1159,  0.4695, -0.9983,  0.0851,  0.2775,
        -0.7678, -0.3336, -1.0053,  0.2310,  1.1671,  0.4253,  0.3336,  0.0346,
        -0.5473,  0.1632, -0.0543,  0.0567, -0.1172,  0.0058,  0.0155, -0.1799,
        -0.0711,  0.1114,  0.6232,  0.4299,  0.3940, -0.3190,  0.0389,  0.0061,
        -0.6666, -0.3379,  0.3186, -0.8928,  0.3760, -0.1033, -0.6238,  0.0923,
         0.9114,  0.1894, -0.1610,  0.1293,  0.1278,  0.3286, -0.3165, -0.5092,
         0.0546, -0.2247,  0.1710,  0.3687, -0.0478, -0.8469,  0.1490,  0.5771,
        -0.3294,  0.1809,  0.6167, -0.0899,  0.1549, -0.2330,  1.1167,  0.4036,
         0.8384,  0.3225, -0.5511, -1.0356, -0.0406, -0.4313, -0.2334, -0.2480,
         0.3593,  0.2212, -0.7852, -0.3745, -0.3566, -0.0175,  0.5242,  0.1660,
         0.1845, -0.3653, -0.0949, -0.5638,  0.5533, -0.6807,  0.3965,  0.4807,
         0.0044,  0.4191, -0.0055, -0.2626, -0.0337, -0.6126, -0.1227, -0.4871,
        -0.3546,  0.0719,  0.0109, -0.0823, -0.2958,  0.1322, -0.2379,  0.6063,
        -0.0851, -0.4466,  0.1047, -0.3172,  0.6263,  0.4606,  0.1151, -0.0771,
         0.4660, -0.5850, -0.3566, -0.0134, -0.2818,  0.5336, -0.4136,  0.2355,
        -0.0183,  0.2644, -0.0742,  0.1335,  0.3279, -0.0229,  0.0747, -0.6104,
         0.2219,  0.3313, -0.6400,  0.1085,  0.1456, -0.0040,  0.3761,  0.0950,
        -0.0597, -0.2875, -0.3614,  0.1620, -0.1369,  0.1778, -0.2997,  0.7624,
         0.1260, -0.2040,  0.3495,  0.2621], device='cuda:0')
Target object GloVe embedding: tensor([-2.0536e-02, -3.9302e-01, -1.4256e-01,  1.3466e-01, -3.7528e-01,
        -3.0620e-01, -1.1696e-01,  9.9085e-02, -2.4805e-01,  8.2335e-01,
         3.3957e-01,  1.9714e-01, -1.3908e-01, -5.9637e-01, -1.5947e-01,
        -5.2105e-02,  2.6277e-01,  2.2430e+00,  4.8739e-02, -6.6090e-02,
        -2.6480e-01,  2.3405e-01,  4.1938e-01,  1.5317e-01, -2.5729e-01,
         3.3286e-01, -2.1484e-01, -4.8126e-01, -7.2721e-01, -1.2075e-01,
        -2.2761e-01,  2.3397e-01, -2.0181e-01, -1.7276e-01, -1.0991e-01,
        -7.5659e-01, -3.9234e-01, -1.1653e-02,  2.0652e-01, -4.2154e-01,
         9.2158e-02, -1.2770e-01,  4.1284e-01,  5.9635e-01, -3.1091e-01,
        -1.0159e-01, -1.9719e-01, -2.8136e-01, -4.7672e-01, -1.1486e-01,
         3.0130e-01, -3.8118e-01, -2.0472e-01,  3.0339e-01, -4.2174e-01,
         2.1478e-03, -2.1262e-01,  3.6766e-01,  2.0643e-01, -4.7525e-02,
         2.5299e-01,  1.6188e-01, -4.0631e-01, -1.9215e-01, -3.6842e-01,
         3.3944e-02, -5.0154e-01, -1.4995e-01,  1.1847e-01,  4.7647e-01,
         5.6154e-01, -5.8850e-01,  3.2752e-01,  2.4353e-01, -1.5435e-01,
         5.5637e-01, -6.1706e-01, -1.9805e-01, -3.2949e-01,  2.0616e-01,
        -8.7913e-01,  2.9508e-01,  2.3433e-01,  2.5598e-01, -1.5475e-01,
        -9.9275e-02,  6.7253e-01,  5.1974e-01,  1.0649e-01, -9.2787e-02,
        -2.8539e-01,  8.6969e-02,  1.3666e-03,  4.4746e-01,  2.1799e-01,
        -9.9836e-02, -6.2258e-02,  2.1140e-01,  1.3638e-01, -1.8317e-02,
         2.5424e-01,  9.3165e-02,  3.2379e-01, -2.7510e-01,  1.6061e-01,
        -9.4320e-01,  8.1596e-02, -4.7899e-02, -1.6304e-01,  5.9908e-01,
        -2.2604e-01,  4.7310e-01,  3.5953e-01, -5.2874e-01, -3.4361e-01,
        -1.5541e-01, -2.4679e-01,  1.7147e-01,  5.3104e-01,  1.2211e-01,
        -1.2075e-01, -5.5119e-01,  3.2418e-01,  6.2786e-01,  1.3522e-01,
        -8.7754e-02, -1.9015e-01, -4.6647e-01, -1.4159e-01,  9.4836e-02,
        -8.6782e-02,  5.3464e-02, -1.2761e-01, -1.1452e-01,  2.4073e-01,
         3.2660e-01, -2.3396e-01,  5.9582e-03, -3.8461e-01, -5.3071e-02,
        -1.8717e+00,  4.8425e-01,  1.3742e-02,  2.4893e-02, -6.6347e-01,
        -6.6785e-02,  1.1247e-01,  8.1388e-03,  2.0666e-01, -4.3490e-01,
        -1.0446e-03, -1.7237e-01,  1.8158e-01, -1.2002e-01, -4.6120e-02,
         1.8784e-01,  3.3553e-01, -1.7386e-01, -2.0226e-01,  1.9831e-01,
         1.4170e-01, -3.7699e-01, -2.4527e-01,  5.4113e-01,  4.4760e-01,
         3.4951e-01,  2.0631e-02,  1.6294e-01,  3.1118e-02,  1.5568e-01,
         1.8117e-01, -9.1799e-01, -3.4747e-02,  8.4421e-02, -6.2887e-01,
         1.8997e-01,  3.5331e-01,  2.2437e-01, -7.6796e-02, -4.9351e-01,
        -2.9085e-01,  1.8060e-01,  9.0810e-03, -4.1370e-01,  3.8182e-02,
         4.1750e-02, -2.4439e-01,  3.8944e-01, -4.7005e-01,  6.1191e-02,
        -5.7054e-01, -2.0914e-01,  4.0792e-01, -3.5748e-01, -2.2436e-01,
        -4.0629e-02,  1.5155e-01, -5.3122e-01, -2.9016e-01,  6.0242e-02,
        -6.4892e-01,  4.6204e-01,  1.1078e-01, -1.6825e-01, -1.5037e-01,
        -4.1383e-01,  6.0836e-02, -1.8998e-01, -1.9103e-01, -7.3645e-02,
        -1.5488e-01, -3.3696e-01, -7.5984e-01, -3.6380e-01,  2.9416e-01,
         1.3668e-01, -6.9633e-01, -1.1700e-01, -6.3435e-01, -1.8681e-01,
         4.6466e-01, -5.6829e-01, -4.9589e-01, -9.7749e-02,  6.2637e-02,
        -8.9252e-02,  3.9591e-02, -1.8966e-01,  4.3048e-01, -1.4997e-02,
        -2.4395e-01, -1.0978e-01,  3.1968e-01,  1.9063e-01,  7.4770e-02,
        -2.2530e-01,  3.0318e-01,  4.6113e-01,  5.0699e-01, -2.9512e-01,
        -3.6012e-01,  6.4286e-01,  3.7793e-01,  1.0190e-01, -3.9017e-01,
        -1.3958e-01,  9.7290e-02,  3.0116e-02, -5.3500e-01, -1.5502e-02,
         3.1867e-01, -4.3960e-01,  2.9644e-01, -5.6568e-01, -2.1143e-01,
         1.6218e-02,  1.8424e-01, -1.2393e-01, -7.4251e-02,  2.0621e-01,
         3.5065e-01,  6.0358e-01,  2.0439e-01, -6.8528e-02, -6.9624e-02,
        -6.3785e-02, -3.0555e-01,  3.8186e-01, -4.1265e-02, -1.2730e-01,
        -2.3924e-01,  2.2229e-02,  1.8797e-03,  8.4135e-02,  2.2188e-02,
         4.8528e-01,  2.1336e-01, -3.3961e-01,  2.0512e-02, -4.0139e-01,
        -3.7697e-02,  9.9871e-02, -2.8560e-02, -1.7213e-03,  1.0684e-01,
        -5.3409e-01,  7.5177e-02,  8.7563e-02,  5.3140e-02, -1.4529e-01,
        -7.2616e-01,  1.1068e-01,  4.9271e-01, -1.4236e-01,  8.2165e-02,
         3.1593e-01, -4.3881e-01,  1.5413e-01,  4.7578e-02,  2.0117e-01],
       device='cuda:1')

